x: 0.516439
y: -0.54492 
z: 0.168912
rx: 0.0995577
ry: -0.0247797
rz: 1.57492
